0.0 0.0 0.0 0 
21.50581316760657 8.48528137423857 8.845903006477066 11.71488675188992 
21.0 8.48528137423857 8.845903006477066 -1.6837463777899853 
20.5 8.48528137423857 8.845903006477066 -1.6055895785115482 
20.0 8.48528137423857 8.845903006477066 -1.5181596871308045 
19.5 8.48528137423857 8.845903006477066 -1.4207348180695067 
19.0 8.48528137423857 8.845903006477066 -1.3134362214322426 
18.5 8.48528137423857 8.845903006477066 -1.1963892012682553 
18.0 8.48528137423857 8.845903006477066 -1.0697230371376953 
17.5 24.397745797511703 8.48528137423857 -0.9335709025500183 
17.00735135169495 41.036569057366385 9.219544457292887 15.574855257256504 
16.62077013859466 38.108398024582456 10.0 34.06447078273178 
16.3783393541592 7.211102550927978 11.236102527122116 30.392923825041773 
15.787653403846944 36.05551275463989 11.236102527122116 -3.4976318612862123 
15.524174696260024 34.23813663153998 12.971121771072847 27.27800721704896 
15.337861650177967 33.1058907144937 14.317821063276353 23.65642239581943 
14.577379737113251 31.662280397975127 0.0 21.089691300283853 
14.7648230602334 30.84234102658227 13.601470508735444 31.909636614980926 
14.577379737113251 29.832867780352597 12.854960132182441 19.385370067030337 
14.422205101855956 29.516944286290883 12.257650672131263 19.002755960320705 
14.603081866510234 28.71410803072246 11.597413504743201 19.271025844347626 
14.534441853748634 28.609439001839934 11.045361017187261 18.876306564812595 
14.5 28.00446392988089 10.51189802081432 19.30125463360243 
13.793114224133722 27.518175811634027 9.5 19.092754282417353 
14.212670403551895 27.613402542968153 9.013878188659973 19.735890997461894 
14.300349646075091 21.289668856043768 8.558621384311845 20.11051417374845 
14.0089257261219 20.886598574205422 8.139410298049853 13.022518413913344 
14.150971698084906 19.03943276465977 7.648529270389178 13.051819602686203 
13.892443989449804 18.681541692269406 7.158910531638177 11.343103011883251 
14.7648230602334 16.76305461424021 7.280109889280518 11.478854740763191 
14.089002803605371 16.91892431568863 6.800735254367722 8.958281763662628 
27.064737205448715 17.08800749063506 6.324555320336759 9.80566937463319 
26.40075756488817 17.269916039170543 5.852349955359813 8.11092691834566 
25.53918557824427 16.347782724271816 5.852349955359813 8.642360077417797 
24.698178070456937 16.55294535724685 5.385164807134504 7.6360513797657426 
23.879907872519105 15.652475842498529 5.385164807134504 8.224346236395963 
23.243278598338918 16.32482771731451 4.924428900898052 7.321719194408027 
22.610838109190027 16.560495161679196 4.47213595499958 8.419715579044347 
22.321514285549714 15.692354826475215 4.47213595499958 9.079187329838758 
21.70829334609241 15.953056133543816 4.031128874149275 8.217144771771947 
21.10094784600919 15.532224567009067 4.031128874149275 8.905791884495038 
20.396078054371138 15.811388300841896 3.605551275463989 8.568367648053812 
19.81161275615895 15.402921800749363 3.605551275463989 9.305779739303501 
19.235384061671343 15.700318468107582 2.9154759474226504 9.009868536333636 
18.66815470259447 14.916433890176299 2.9154759474226504 9.967030771956669 
18.062391868188442 15.239750654128171 2.5 9.321085417746504 
17.528548142958105 14.866068747318506 2.5 10.117477593763837 
17.029386365926403 14.142135623730951 2.5 9.90075423247899 
16.5 14.5 2.1213203435596424 9.349329330242488 
16.0 14.159802258506296 2.1213203435596424 10.15031737756443 
15.508062419270823 13.82931668593933 2.1213203435596424 9.993627879820837 
15.033296378372908 14.212670403551895 1.4142135623730951 9.856113351871612 
14.577379737113251 13.901438774457844 1.4142135623730951 10.919925521940721 
14.142135623730951 13.313526955694348 1.4142135623730951 10.801819401657156 
13.647344063956181 13.313526955694348 1.4142135623730951 10.426623329853664 
13.238202294873727 13.46291201783626 0.7071067811865476 10.637008186871801 
12.854960132182441 13.209844813622906 14.577379737113251 11.461606657492194 
12.36931687685298 13.209844813622906 14.150971698084906 -0.5708812652062445 
11.76860229593982 12.776932339180638 13.729530217745982 0.08439813558632991 
11.280514172678478 12.776932339180638 13.038404810405298 0.3971843024833621 
10.793516572461451 12.529964086141668 12.349089035228468 1.322693575547218 
10.307764064044152 12.529964086141668 11.661903789690601 2.019731421123181 
9.82344135219425 12.529964086141668 11.236102527122116 2.93447040006356 
9.340770846134703 11.853269591129697 10.547511554864494 3.599161264903321 
8.860022573334675 11.853269591129697 9.86154146165801 3.910649493438214 
8.246211251235321 11.629703349613008 9.17877987534291 4.814106840432402 
7.762087348130012 11.629703349613008 8.5 5.594121868072861 
7.280109889280518 11.629703349613008 7.826237921249264 6.48579128987798 
6.800735254367722 11.423659658795863 7.158910531638177 7.367099507267598 
6.96419413859206 11.236102527122116 7.158910531638177 8.059617310840359 
6.5 11.236102527122116 6.5 7.799343783578134 
6.041522986797286 10.594810050208546 6.041522986797286 8.645448244312197 
5.385164807134504 10.44030650891055 5.385164807134504 8.7836712213854 
4.924428900898052 10.44030650891055 4.743416490252569 9.618568315575242 
4.47213595499958 10.307764064044152 4.272001872658765 10.437229710497604 
4.031128874149275 10.198039027185569 3.640054944640259 11.003848632210076 
3.3541019662496847 10.198039027185569 3.1622776601683795 11.705086632268085 
3.605551275463989 10.111874208078342 3.1622776601683795 12.5325502456396 
2.9154759474226504 9.5524865872714 2.5495097567963922 12.2919648180262 
2.5 9.513148795220223 2.0615528128088303 12.791506112878155 
1.8027756377319946 9.5 1.5811388300841898 13.41309328390059 
1.118033988749895 9.5 1.118033988749895 14.245785243960194 
1.4142135623730951 9.013878188659973 1.0 15.068744446473561 
0.7071067811865476 9.055385138137417 0.5 14.573431086437978 
0.7071067811865476 9.12414379544733 0.5 15.466732020262084 
0.0 8.631338250816034 0.0 15.518147675625427 
0.0 2.0615528128088303 0.0 16.0174724448597 
0.0 2.0615528128088303 0.0 12.370624483116934 
0.0 3.1622776601683795 0.0 12.370624483116934 
0.0 3.1622776601683795 0.0 12.818700556913774 
0.0 3.8078865529319543 0.0 12.818700556913774 
0.0 3.8078865529319543 0.0 13.11289110082357 
0.0 3.3541019662496847 0.0 13.11289110082357 
0.0 4.031128874149275 0.0 12.903700709952908 
0.0 4.031128874149275 0.0 13.219971525363032 
0.0 3.605551275463989 0.0 13.219971525363032 
0.0 4.301162633521313 0.0 13.018210587552437 
0.0 3.905124837953327 0.0 13.353151399405654 
0.0 3.905124837953327 0.0 13.159195473265646 
0.0 3.905124837953327 0.0 13.159195473265646 
0.0 3.5355339059327378 0.0 13.159195473265646 
0.0 0.0 0.0 12.985973240303386 
0.0 0.0 0.0 11.71488675188992 
0.0 0.0 0.0 11.71488675188992 
0.0 0.0 0.0 11.71488675188992 
0.0 0.0 0.0 11.71488675188992 
0.0 0.0 0.0 11.71488675188992 
0.0 0.0 0.0 11.71488675188992 
0.0 0.0 0.0 11.71488675188992 
0.0 0.0 0.0 11.71488675188992 
0.0 0.0 0.0 11.71488675188992 
0.0 29.068883707497267 0.0 11.71488675188992 
0.0 27.681221071332818 0.0 37.514953322237645 
0.0 26.315394733881533 0.0 35.862548140225414 
0.0 25.811818998280614 0.0 34.23372796985407 
0.0 25.079872407968907 0.0 33.63380316223971 
0.0 25.004999500099974 0.0 32.76338997329121 
0.0 24.627220712049503 0.0 32.67449237983292 
0.0 25.004999500099974 0.0 32.22643425434668 
0.0 25.0 0.0 32.67449237983292 
0.0 24.052026941611388 0.0 32.66855747081475 
0.0 20.573040611440984 0.0 31.54603685136081 
23.648467180770936 19.03943276465977 0.0 27.505908757349367 
22.94558781116753 18.445866745696716 0.0 14.98031519269401 
22.276669409945463 18.309833423600555 0.0 14.37719451249074 
21.644860821913362 17.5 0.0 14.29479535484119 
21.0535032714273 17.414074767267998 0.0 13.50110075393923 
20.524375751773793 17.356554957709783 0.0 13.498534590976234 
20.0 16.62077013859466 0.0 13.529007334572212 
19.525624189766635 16.263455967290593 0.0 12.855937133797015 
19.059118552545918 16.278820596099706 0.0 12.58680449461088 
18.607794065928395 15.620499351813308 0.0 12.711106362245257 
18.24828759089466 16.00781059358212 0.0 12.150952834587816 
17.84656829757475 15.402921800749363 0.0 12.640771883962163 
17.46424919657298 15.116216457830975 0.0 12.139460167581051 
17.10263137648707 14.84082207965583 0.0 11.965296821311808 
16.62077013859466 15.008331019803634 0.0 11.803895237080066 
16.446884203398525 14.7648230602334 0.0 12.125445330124913 
15.976545308670458 14.534441853748634 0.0 11.943251013225717 
15.692354826475215 14.317821063276353 0.0 11.880681265132864 
15.435349040433131 14.115594213493104 0.0 11.772509207746236 
15.652475842498529 13.92838827718412 0.0 11.672460704994858 
15.20690632574555 13.756816492197604 0.0 11.412937102734588 
15.008331019803634 13.601470508735444 0.0 11.416489115645252 
14.84082207965583 13.46291201783626 0.0 11.346222746215329 
14.422205101855956 12.854960132182441 12.165525060596439 11.281653225872645 
14.0089257261219 12.854960132182441 11.672617529928752 0.804048121921701 
13.313526955694348 12.36931687685298 11.180339887498949 1.447524848869941 
13.313526955694348 12.257650672131263 11.180339887498949 1.7762720716608893 
12.619429464123963 11.76860229593982 10.688779163215974 1.6767734861700667 
12.206555615733702 11.76860229593982 10.111874208078342 2.0232971207556805 
11.800423721205947 11.180339887498949 9.617692030835672 2.752107449980219 
11.10180165558726 11.180339887498949 9.12414379544733 2.8969455720194315 
10.700467279516348 10.688779163215974 8.558621384311845 3.692308916471667 
10.700467279516348 10.688779163215974 8.558621384311845 3.9945107270790725 
10.307764064044152 10.111874208078342 8.06225774829855 3.9945107270790725 
9.604686356149273 10.111874208078342 7.516648189186454 4.171797841660476 
9.219544457292887 9.617692030835672 7.0178344238090995 5.0266815735715475 
8.514693182963201 9.5524865872714 6.519202405202649 5.280781157361201 
8.514693182963201 9.5524865872714 6.5 6.054053330621638 
8.139410298049853 9.055385138137417 6.0 6.070177381780386 
7.7781745930520225 9.013878188659973 5.5 6.329336034041511 
7.0710678118654755 8.514693182963201 5.0 6.923657826530656 
7.0710678118654755 8.514693182963201 5.0 7.391503605095835 
6.726812023536855 8.0 4.527692569068709 7.391503605095835 
6.020797289396148 8.0 4.031128874149275 7.617599791618623 
6.4031242374328485 7.5 4.031128874149275 8.45283686836722 
5.70087712549569 7.0178344238090995 3.5355339059327378 7.870268188199532 
5.0 7.0178344238090995 3.0413812651491097 8.384588390003413 
5.0 6.519202405202649 3.0413812651491097 9.218156635586983 
4.716990566028302 6.576473218982953 2.5495097567963922 8.90299270216353 
4.716990566028302 6.082762530298219 2.692582403567252 9.49614245638811 
4.031128874149275 17.84656829757475 2.0615528128088303 9.08798004677215 
4.47213595499958 5.70087712549569 2.23606797749979 20.169919938018673 
3.3541019662496847 5.220153254455275 1.5811388300841898 9.367633373979789 
3.8078865529319543 5.220153254455275 1.8027756377319946 10.333422128049552 
2.692582403567252 4.743416490252569 1.118033988749895 9.86244962976226 
2.692582403567252 4.272001872658765 1.118033988749895 10.868222006062362 
1.5811388300841898 3.8078865529319543 0.7071067811865476 10.626929416694866 
1.5811388300841898 3.8078865529319543 0.7071067811865476 11.47647868725751 
2.0615528128088303 3.3541019662496847 0.7071067811865476 11.47647868725751 
2.0615528128088303 2.692582403567252 0.7071067811865476 10.926622820905267 
14.430869689661812 2.23606797749979 14.150971698084906 10.642137707359751 
14.080127840328723 1.5811388300841898 14.150971698084906 -8.204842701197235 
13.601470508735444 1.118033988749895 13.892443989449804 -8.30060737992894 
13.124404748406688 0.5 13.647344063956181 -7.993417309678081 
12.816005617976296 13.200378782444085 12.971121771072847 -7.7274332886065 
12.175795661885921 12.747548783981962 12.971121771072847 1.0364217910505324 
11.704699910719626 12.298373876248844 12.971121771072847 0.9213360520385994 
11.067971810589327 11.629703349613008 12.529964086141668 0.7461914136734826 
10.594810050208546 11.180339887498949 12.529964086141668 0.9097392340382982 
10.124228365658293 10.51189802081432 12.529964086141668 0.7715030099200071 
9.486832980505138 10.062305898749054 11.853269591129697 0.4675185972575946 
9.013878188659973 9.394147114027968 12.093386622447824 1.106110892241512 
8.54400374531753 8.94427190999916 12.093386622447824 0.6212357902612453 
7.905694150420948 8.276472678623424 11.412712210513327 0.5521292710509318 
7.905694150420948 8.276472678623424 11.412712210513327 1.091918457138652 
7.433034373659253 7.826237921249264 11.412712210513327 1.091918457138652 
6.800735254367722 7.158910531638177 11.412712210513327 1.0613338902662228 
6.324555320336759 6.708203932499369 10.977249200050075 1.0017995851638428 
5.852349955359813 6.041522986797286 10.977249200050075 1.420817047370031 
5.220153254455275 5.5901699437494745 10.295630140987 1.3126212740267995 
4.743416490252569 4.924428900898052 9.617692030835672 2.0924540009393677 
4.272001872658765 4.47213595499958 8.06225774829855 2.658816126327519 
3.640054944640259 4.031128874149275 6.946221994724902 4.123427532677368 
3.1622776601683795 3.3541019662496847 5.830951894845301 5.292756309671516 
2.692582403567252 2.9154759474226504 0.0 6.23707168186189 
2.0615528128088303 2.23606797749979 3.605551275463989 10.786662422082829 
1.5811388300841898 1.8027756377319946 2.9154759474226504 8.315762291556705 
1.118033988749895 1.118033988749895 1.8027756377319946 9.02253227153361 
1.118033988749895 1.118033988749895 1.8027756377319946 9.947881003081429 
0.7071067811865476 0.5 1.118033988749895 9.947881003081429 
0.0 24.45914961727002 0.0 10.551016262513802 
0.0 22.276669409945463 0.0 32.02738113995813 
0.0 20.615528128088304 0.0 29.46486946128565 
0.0 19.00657780874821 0.0 27.554194097057128 
0.0 18.179658962697843 0.0 25.75004636066779 
0.0 17.44276354251241 0.0 24.8446256979937 
0.0 16.80773631397161 0.0 24.052038254940626 
0.0 15.976545308670458 0.0 23.38072749793003 
0.0 15.524174696260024 0.0 22.51970925519137 
25.93260495977988 14.807092894960848 0.0 22.06004757816947 
25.10975905897944 14.713938969562161 0.0 10.526883674457777 
23.200215516240362 14.142135623730951 0.0 10.413522873465464 
22.41093483101497 14.142135623730951 0.0 9.920636184717253 
20.93442141545832 13.583077707206124 0.0 9.991905886135068 
19.474342094150447 13.038404810405298 0.0 9.662831087153663 
19.1049731745428 13.009611831257688 0.0 9.443060451233984 
17.67766952966369 12.5 0.0 9.50248909854679 
16.62077013859466 12.0 0.0 9.420295719383791 
16.278820596099706 12.010412149464313 0.0 9.306954051201295 
15.239750654128171 11.543396380615196 0.0 9.431779630967494 
14.212670403551895 11.045361017187261 0.0 9.402753710661553 
13.200378782444085 10.606601717798213 0.0 9.388877105170756 
13.200378782444085 10.606601717798213 0.0 9.46222722077608 
12.206555615733702 10.198039027185569 0.0 9.46222722077608 
11.236102527122116 9.7082439194738 0.0 9.591686348676163 
10.547511554864494 9.219544457292887 0.0 9.683333130017635 
9.86154146165801 8.860022573334675 0.0 9.66468435387048 
9.17877987534291 8.381527307120106 0.0 9.763859179825713 
8.94427190999916 8.381527307120106 0.0 9.794787652591106 
8.276472678623424 7.905694150420948 0.0 9.927367735148778 
7.615773105863909 7.433034373659253 0.0 9.978576609972665 
6.96419413859206 6.96419413859206 0.0 10.049768555688576 
6.5 6.5 13.865424623862047 10.139283592296104 
5.852349955359813 6.041522986797286 13.200378782444085 -1.6143837169418873 
5.385164807134504 5.385164807134504 11.629703349613008 -0.8240609735773408 
4.924428900898052 4.924428900898052 10.51189802081432 0.6184395241496787 
4.272001872658765 4.272001872658765 9.394147114027968 1.7181234501212739 
3.8078865529319543 3.8078865529319543 8.276472678623424 2.8379683806913825 
3.1622776601683795 3.3541019662496847 6.708203932499369 3.9216563109832947 
2.692582403567252 2.692582403567252 5.5901699437494745 5.505234862758899 
2.23606797749979 2.23606797749979 4.47213595499958 6.4756578036294865 
1.5811388300841898 1.5811388300841898 3.3541019662496847 7.514119147581786 
1.118033988749895 1.118033988749895 2.23606797749979 8.609352087517959 
0.7071067811865476 0.5 1.118033988749895 9.628695894196957 
0.7071067811865476 0.5 1.118033988749895 10.551016262513802 
12.165525060596439 0.0 12.90348790056394 10.551016262513802 
11.672617529928752 14.0089257261219 12.90348790056394 -6.686074642334736 
11.180339887498949 13.601470508735444 12.206555615733702 2.4089859073896847 
10.688779163215974 12.90348790056394 12.206555615733702 2.945409817276019 
10.111874208078342 12.5 12.5 2.5506925429318805 
9.617692030835672 11.800423721205947 12.5 2.206895702297329 
9.12414379544733 11.40175425099138 12.5 1.85729337422063 
