0.0 0.0 0.0 0.0 0.0 0 
0.0 0.49581629595817844 21.5 8.48528137423857 8.845903006477066 7.417138652945994 
0.010755334017318319 0.995424445237802 21.0 8.48528137423857 8.845903006477066 -0.6498662821019785 
0.020565908685199474 1.4951096463074407 20.5 8.48528137423857 8.845903006477066 -0.5667141691348121 
0.029552554205707793 1.9948604915312558 20.0 8.48528137423857 8.845903006477066 -0.4806811981107373 
0.037840312538037324 2.494666751716835 19.5 8.48528137423857 8.845903006477066 -0.3918225995671598 
0.04555835346184267 2.994519439628874 19.0 8.48528137423857 8.845903006477066 -0.3001961609094117 
0.0528398868916895 3.494410863472865 18.5 8.48528137423857 8.845903006477066 -0.2058621245919312 
0.05982207151782859 3.9943346697794198 18.0 8.48528137423857 8.845903006477066 -0.10888308357699827 
0.0666459198276641 4.494285875162944 17.5 24.748737341529164 8.845903006477066 -0.009323874310851465 
0.07227598498980115 4.915261021142669 17.066048165876012 7.810249675906654 9.604686356149273 34.23878117568803 
0.12573752880089728 5.406526662487067 16.53027525481654 39.05124837953327 9.604686356149273 -2.8166113322953024 
0.1636207934320737 5.851246502059638 16.278820596099706 7.211102550927978 11.236102527122116 40 
0.2650296325773809 6.3100487164434185 15.700318468107582 36.61966684720111 10.816653826391969 -7.444417807868113 
0.3352605299206175 6.804438566200247 15.524174696260024 34.23813663153998 12.971121771072847 40 
0.44527484264907 7.35594714694534 15.508062419270823 6.5 15.692354826475215 40 
0.628910143345621 7.667858959504315 14.705441169852742 32.8709598277872 15.435349040433131 -18.732260241375354 
0.7677105319646671 8.247154498797272 14.773286702694158 31.48412298286233 14.396180048887969 34.77711747174672 
0.9423216678358415 8.861715276896575 14.7648230602334 30.56550343115585 13.46291201783626 34.870785680551876 
1.1499682878204283 9.50771561133402 14.705441169852742 29.427877939124322 12.165525060596439 35.432917060664124 
1.387547488953146 10.182751166905945 15.239750654128171 29.068883707497267 11.543396380615196 36.38131480903386 
1.6537962945836284 10.881711974035909 15.913830462839549 24.520399670478458 11.0 37.01252620150656 
1.9754504399089114 11.537530127130822 16.00781059358212 16.1245154965971 10.04987562112089 29.349948070385228 
2.35944745946216 12.022598933660362 16.101242188104617 15.20690632574555 9.617692030835672 13.7298905962402 
2.756584954523987 12.48472836621292 16.91892431568863 12.257650672131263 9.617692030835672 12.69449912393302 
3.171549940249349 12.849149200555757 16.224980739587952 13.82931668593933 9.12414379544733 6.246735175249132 
3.5864219230051617 13.270410876358937 16.3783393541592 14.430869689661812 8.73212459828649 10.808741649583862 
4.006046800789051 13.710728713098376 29.769951293208393 14.080127840328723 8.246211251235321 12.917539875207975 
4.437174644745312 14.116855594858208 29.295904150580505 14.230249470757707 7.762087348130012 11.32608312135007 
4.873438052718427 14.531908967673758 28.182441342083905 13.92838827718412 7.433034373659253 12.722802835993825 
5.317156438665393 14.93639083809893 27.115493725912497 13.0 7.433034373659253 12.865831885278851 
5.771191396781404 15.299138535288876 26.277366686941825 13.200378782444085 6.96419413859206 10.985300062345438 
6.22840808440364 15.672802485083764 25.46075411294803 13.416407864998739 6.5 12.494526676808544 
6.688581832479144 16.056203253133077 24.520399670478458 13.209844813622906 6.041522986797286 14.027104468185403 
7.153245991205296 16.433828209756285 23.769728648009426 12.349089035228468 6.264982043070834 14.667680986657281 
7.6275190770780625 16.759475150076213 23.04886114323222 12.619429464123963 5.830951894845301 12.478928740846431 
8.102549302868908 17.095344531229074 22.360679774997898 12.5 5.408326913195984 14.059866199348097 
8.579586595897325 17.42562797934835 21.70829334609241 12.103718436910205 5.408326913195984 14.790392077178236 
9.061101538957843 17.72502194110612 21.095023109728988 12.419742348374221 5.0 14.059982191600895 
9.540989855004852 18.03261502934771 20.524375751773793 12.379418403139947 4.6097722286464435 15.667903818995939 
10.020158092659557 18.332824874633985 20.0 11.672617529928752 4.949747468305833 16.480104496350894 
10.504420573726009 18.575413390392697 19.50640920313116 12.041594578792296 4.242640687119285 14.396180766512447 
10.982636915317755 18.836584183208743 19.557607215607945 11.40175425099138 4.6097722286464435 16.700262940683537 
11.463971179739247 19.038361121074956 19.1637678967368 11.800423721205947 3.905124837953327 14.608638489550358 
11.937342278051176 19.258210366397208 18.828170383762732 11.236102527122116 4.301162633521313 16.94027392731183 
12.411337108908697 19.420466511220837 18.439088914585774 10.977249200050075 4.716990566028302 15.029873156223257 
12.883656943557753 19.53781075243043 18.069310999592652 11.412712210513327 4.031128874149275 13.722942899488757 
13.346010788187186 19.67410774695702 17.867568385205637 10.965856099730654 4.031128874149275 16.092030379486282 
13.80382855066091 19.770647036348578 17.55704986607944 0.0 4.47213595499958 15.205662964071571 
14.268560348483106 19.49959586484212 16.91892431568863 10.307764064044152 17.88854381999832 -5.745309049803868 
14.719228085978159 19.06924388066318 16.140012391568973 10.51189802081432 17.67766952966369 -16.48616554927475 
15.17956309849734 18.67240051204726 15.402921800749363 10.295630140987 17.4928556845359 -15.421574388158366 
15.646085205579027 18.295026173510706 14.807092894960848 9.86154146165801 17.334935823359714 -15.282518517930672 
16.116639068837486 17.92930124931155 14.142135623730951 9.7082439194738 17.5 -15.67490021766302 
16.59003584688577 17.573985988488886 13.583077707206124 10.0 17.414074767267998 -16.205576280035192 
17.068812929984745 17.253999793800006 13.009611831257688 9.924716620639604 17.356554957709783 -15.283804260267804 
17.549953927044413 16.95587063654054 12.5 9.5524865872714 17.327723451163457 -15.16780707092872 
18.030948431074535 16.668653437399485 12.010412149464313 9.899494936611665 17.69180601295413 -15.733045064092739 
18.512188314477697 16.403066483868542 11.543396380615196 9.5524865872714 17.7341478509682 -15.731429237268522 
18.991041132452295 16.148098391667418 11.597413504743201 9.924716620639604 18.506755523321747 -16.414102696258315 
19.46554917660285 15.899759045519659 11.180339887498949 10.0 19.00657780874821 -17.418321902318965 
19.934714892240578 15.662352312903607 10.793516572461451 10.816653826391969 19.557607215607945 -18.284530834249058 
20.400868069769842 15.461334090902426 10.44030650891055 10.547511554864494 20.155644370746373 -17.746000790512664 
20.856622593766275 15.25733425577917 10.124228365658293 10.51189802081432 21.242645786248 -19.545852831353123 
21.29794041548209 15.044174824388932 9.848857801796104 9.656603957913983 23.30772404161333 -21.94829683029406 
21.708318467114736 14.766835706683196 9.617692030835672 8.860022573334675 26.879360111431225 -28.124764089759733 
22.066744967856124 14.398692348089014 9.433981132056603 8.139410298049853 36.28360511305347 -37.125920844340854 
22.392570118535303 14.053248211335415 10.307764064044152 8.0156097709407 35.7246413557925 -40 
22.695044984991057 13.7806137878583 10.606601717798213 7.5 36.0 -40 
22.970714524497026 13.58390326559936 12.103718436910205 7.566372975210778 36.16973873281365 -40 
23.21642988026224 13.46536358582378 13.038404810405298 7.158910531638177 25.495097567963924 -40 
23.43395404381505 13.444364185704814 15.652475842498529 7.433034373659253 16.76305461424021 -38.51155038646322 
23.654213709813945 13.706185214658575 15.890248582070704 6.96419413859206 15.976545308670458 -19.405395759572333 
23.85205106482445 14.003891788266202 18.200274723201296 7.158910531638177 14.115594213493104 -18.576376260127887 
24.03053338709873 14.361957836651243 18.973665961010276 6.708203932499369 13.865424623862047 -14.453847351676803 
24.189821580470493 14.73334403242265 21.840329667841555 6.946221994724902 12.971121771072847 -14.902968150829548 
24.330623044195107 15.135287451787832 24.253865671269807 7.211102550927978 12.093386622447824 -12.922202809505752 
24.45491825395061 15.56316110247036 27.65863337187866 7.211102550927978 11.236102527122116 -10.777477466121574 
24.564874751295463 16.00861563590348 29.516944286290883 6.800735254367722 11.926860441876563 -9.217056317746959 
24.66117917225182 16.448806117656517 33.8710791088799 7.106335201775948 11.510864433221338 -11.694123627151534 
24.741595247295606 16.904866893408297 33.24154027718932 7.106335201775948 11.10180165558726 -10.308125820095686 
24.807690364942147 17.371872129123346 32.63816784073518 7.106335201775948 10.700467279516348 -9.386557035982523 
24.860607395873387 17.84778549696594 32.09750769140807 7.433034373659253 10.307764064044152 -8.480558060450747 
24.901572595170194 18.332403217962508 31.535694062442957 7.433034373659253 9.924716620639604 -6.961013759338712 
24.932593604481724 18.821984688336585 31.016124838541646 7.7781745930520225 9.924716620639604 -6.094266601355756 
24.954857839574515 19.31505561925877 30.504098085339287 7.7781745930520225 9.5524865872714 -5.401691145434135 
24.969336417306778 19.810957425430786 30.0 7.7781745930520225 9.5524865872714 -4.556403328185414 
24.977218059527416 20.30808336538962 29.5 8.139410298049853 9.192388155425117 -4.530928025891825 
24.978540013848743 20.807258165801272 29.004310024546353 8.139410298049853 9.192388155425117 -2.9993152651787547 
24.975507593964522 21.30689283791051 28.5175384631984 8.139410298049853 9.192388155425117 -2.967631685423786 
24.968166716778143 21.806936065551866 28.0178514522438 8.139410298049853 9.192388155425117 -2.933316062878646 
24.956567388710766 22.307336386061408 27.54087870784082 8.139410298049853 9.192388155425117 -2.894792923333931 
24.94076600812187 22.808041754808485 27.04163456597992 8.514693182963201 8.845903006477066 -2.85491145054122 
24.92080232233272 23.30842376974843 26.542418879973994 8.514693182963201 8.845903006477066 -1.3069037618741852 
24.898939738124824 23.8087854860526 26.043233286210835 8.514693182963201 8.845903006477066 -1.2586167372008816 
24.87524860576491 24.309111173862817 25.578311124857326 8.514693182963201 8.845903006477066 -1.20704765761122 
24.849804071654006 24.809388369485305 25.04495957273639 8.514693182963201 8.845903006477066 -1.156082207517919 
24.822680293831553 25.309596895702086 24.545875417267155 8.514693182963201 8.845903006477066 -1.0941539417799717 
24.793967436773784 25.809725747265702 24.08318915758459 8.514693182963201 8.845903006477066 -1.0328832277014754 
24.763754700195506 26.30976634028781 23.58495283014151 8.514693182963201 8.845903006477066 -0.9732402151250596 
24.73212881822073 26.809702761197798 23.08679276123039 8.514693182963201 8.845903006477066 -0.9059902932513175 
24.69918758339884 27.309524116995277 22.588713996153036 8.514693182963201 8.845903006477066 -0.8356513783587438 
24.665033245717098 27.809220717296526 22.090722034374522 8.514693182963201 8.845903006477066 -0.7622657016575829 
24.629772449734617 28.308784172654228 21.592822881689184 8.514693182963201 8.845903006477066 -0.6858786342437462 
